82	0	2
78	5	1
86	17	1
37	27	1
24	93	2
51	57	0
26	60	0
92	76	2
64	15	2
0	93	2
25	5	1
34	61	1
59	85	2
93	85	1
56	89	1
67	42	1
80	42	2
67	20	0
58	35	2
48	60	1
57	0	1
13	82	1
45	51	2
3	88	0
87	23	1
42	70	2
90	68	2
92	49	2
69	66	0
21	60	2
64	49	1
67	78	0
98	69	2
50	9	1
68	37	1
9	47	1
88	12	0
23	41	1
43	91	1
68	83	2
31	55	1
13	53	0
47	69	0
57	88	0
78	4	0
78	48	0
98	37	2
61	21	0
50	50	1
53	59	1
21	63	0
32	21	0
7	84	0
8	42	1
83	53	1
70	96	0
12	77	1
51	9	1
73	84	0
27	65	0
39	5	1
35	39	0
15	49	2
86	23	0
7	9	2
90	88	2
61	63	0
78	30	1
41	48	2
69	31	0
82	63	1
49	66	2
22	53	1
92	86	1
98	21	2
36	46	0
27	39	0
38	61	2
58	92	2
23	28	2
53	48	2
80	13	1
57	55	2
38	23	0
45	91	2
10	44	1
82	96	0
76	43	0
8	91	1
14	75	0
77	56	2
10	9	2
17	4	0
80	47	1
24	35	2
48	62	1
10	51	2
68	98	2
99	62	1
54	91	2
78	30	2
91	61	2
8	96	0
53	94	0
65	32	0
39	19	0
50	42	0
38	19	0
3	97	2
1	30	2
54	72	2
19	49	1
55	28	2
66	36	0
77	78	2
63	30	1
81	53	1
43	5	1
55	24	2
20	22	1
77	12	1
67	38	1
34	96	2
35	47	2
78	59	1
10	89	1
60	71	2
89	78	0
62	35	1
45	16	0
14	94	2
83	46	2
96	37	1
56	40	1
22	65	1
18	88	2
99	89	2
76	52	2
12	5	1
88	79	2
10	52	0
89	41	1
84	90	1
51	14	2
52	85	2
46	64	0
26	78	0
74	52	1
97	92	0
45	76	0
34	23	0
33	90	0
53	68	1
74	0	2
85	84	0
61	75	0
56	3	1
4	13	2
80	48	0
44	96	2
58	46	0
82	75	2
31	15	2
37	69	0
0	29	0
43	8	1
49	63	1
35	0	1
23	12	0
14	79	2
34	47	0
64	71	1
60	54	0
78	15	1
58	66	2
82	14	1
78	54	0
91	57	2
7	67	1
75	68	0
77	50	1
60	9	2
10	8	1
42	52	2
38	7	0
12	58	1
79	12	0
95	81	2
72	55	1
73	50	1
20	46	1
13	61	2
53	77	2
11	14	1
1	54	2
93	52	0
51	5	0
80	16	2
44	39	0
6	86	1
45	48	2
56	2	2
76	18	2
58	44	0
36	64	1
84	44	1
50	81	0
88	92	2
11	89	1
39	16	0
45	39	0
67	63	1
52	0	2
27	0	2
54	1	0
40	83	1
58	7	1
96	51	0
84	31	0
79	67	1
5	60	0
65	88	2
6	83	1
47	63	1
27	92	0
48	28	0
26	53	0
79	79	2
65	97	1
85	41	2
11	54	0
79	21	2
21	77	1
70	27	1
42	60	0
85	67	2
7	10	2
86	84	2
61	30	2
4	23	0
88	80	1
89	67	2
86	0	1
57	84	1
45	2	0
15	98	1
99	56	2
73	45	2
9	44	2
26	95	2
46	69	1
32	79	2
38	98	1
83	44	0
88	18	2
50	92	2
18	84	1
47	98	2
43	1	0
75	92	0
23	90	2
14	26	2
50	5	0
80	25	0
21	96	1
60	35	0
68	85	1
22	4	1
16	71	1
47	32	2
31	69	1
9	79	1
58	6	0
26	21	2
11	52	1
86	96	2
41	62	0
18	77	1
71	47	0
92	13	1
81	93	1
99	26	2
94	88	1
47	3	2
64	21	0
14	15	2
51	25	2
61	10	2
91	67	1
28	27	0
22	1	2
1	8	0
1	36	0
25	40	1
82	60	1
61	15	1
18	30	1
58	2	1
55	60	0
97	90	2
88	3	1
85	37	0
94	35	0
73	2	2
85	46	2
24	6	1
68	87	0
54	28	1
72	90	1
80	41	1
36	76	0
55	18	1
91	7	1
53	22	0
66	34	2
40	53	0
28	83	1
95	82	0
86	26	2
77	47	0
9	4	2
74	6	1
92	33	0
50	93	1
8	74	2
76	95	2
78	37	1
80	27	0
13	62	2
0	55	1
11	88	0
73	17	2
55	5	1
84	22	1
98	81	2
81	24	0
30	72	2
45	16	2
31	0	2
62	41	1
7	41	0
17	45	0
4	90	1
31	68	1
21	54	1
90	23	1
2	53	0
99	27	0
57	27	1
30	62	2
34	16	1
51	34	1
25	20	1
95	84	0
22	52	2
67	43	2
50	3	0
4	37	2
6	11	0
34	18	2
35	70	1
61	75	2
34	22	1
95	54	2
30	10	1
10	7	0
87	77	0
15	70	2
54	82	0
51	15	2
28	66	2
79	72	1
81	13	2
49	44	2
80	63	1
56	80	2
30	76	2
64	92	2
51	19	2
66	58	1
50	64	2
37	88	1
59	99	0
27	33	2
77	34	2
86	91	1
8	17	2
37	34	2
51	48	2
79	39	2
5	62	0
3	3	0
38	83	1
94	52	0
99	27	1
1	67	2
61	76	1
74	77	2
79	39	0
10	18	2
33	75	2
65	40	0
13	60	0
99	88	0
89	66	0
27	1	0
90	48	0
87	76	2
46	8	2
82	7	2
32	7	1
77	10	0
68	33	0
58	2	2
25	92	2
98	54	2
28	10	2
31	7	1
84	56	1
35	19	2
27	97	2
52	97	2
26	53	2
98	7	2
85	29	0
68	88	2
28	62	1
40	33	0
78	43	0
58	54	2
47	73	1
31	40	0
16	26	1
28	90	0
17	96	2
50	92	0
14	83	0
69	73	0
67	64	2
10	88	2
39	64	2
0	94	0
20	38	2
58	68	1
75	43	2
76	56	2
60	36	2
13	6	1
61	25	1
96	9	2
99	56	1
50	61	2
20	85	0
95	22	1
29	31	0
47	67	0
85	28	2
41	14	1
78	87	2
80	95	1
16	64	2
51	53	2
88	31	2
78	80	1
22	63	1
72	31	1
89	12	2
97	55	1
86	94	0
27	26	0
57	91	2
20	24	2
65	38	2
90	90	2
77	19	1
24	55	0
26	50	0
1	76	2
86	62	0
22	3	0
43	23	2
49	41	0
44	34	1
18	68	1
23	21	2
61	0	1
18	2	1
4	79	2
14	33	1
26	48	2
94	40	1
99	25	0
61	77	0
33	80	0
42	33	1
24	15	1
84	94	2
24	81	1
0	25	0
63	64	0
88	56	2
91	29	1
80	74	0
63	75	1
98	12	1
27	43	2
82	10	1
62	11	1
66	26	1
74	56	0
9	51	2
54	39	0
18	47	1
25	38	2
47	66	2
23	25	1
79	4	0
69	90	1
99	57	0
78	16	2
98	66	1
31	31	2
57	60	0
26	19	2
71	16	2
68	25	2
67	4	1
70	87	2
23	73	2
85	12	1
98	27	1
28	66	1
51	72	1
76	28	2
29	52	2
38	37	0
65	86	0
61	26	0
95	91	1
49	29	2
62	74	2
92	84	0
11	40	0
10	88	0
95	32	2
39	74	2
66	64	2
78	5	2
72	89	0
88	39	2
52	51	0
75	86	2
11	86	2
73	73	2
1	38	1
95	28	2
61	70	0
27	50	2
21	81	0
54	31	2
45	70	2
25	97	0
96	22	1
37	7	1
69	0	2
80	10	0
51	75	1
75	54	0
89	36	0
64	31	0
21	31	0
48	64	1
22	36	1
51	54	0
89	1	2
44	3	2
89	75	0
53	32	0
22	40	1
53	87	0
37	74	1
71	74	1
41	92	0
99	91	1
13	32	0
16	27	1
90	5	2
48	91	1
30	55	2
93	44	2
52	71	1
85	80	0
96	27	2
8	96	2
2	88	2
94	33	1
89	53	2
74	59	0
55	32	1
95	6	1
50	65	1
28	97	1
71	24	2
42	53	2
28	34	0
17	42	0
2	10	2
66	41	2
87	17	1
78	24	2
2	5	1
95	85	2
4	86	0
49	15	2
22	17	1
57	12	0
65	22	1
84	15	0
40	5	1
88	87	2
48	72	0
62	33	2
23	36	1
28	55	0
71	82	2
1	42	2
1	72	0
44	39	1
96	42	0
35	83	2
0	29	2
37	68	2
23	94	1
34	20	0
85	50	1
97	61	0
31	95	1
66	36	1
82	82	1
85	68	1
19	68	1
39	90	0
5	86	1
65	40	2
41	3	0
38	15	0
92	37	2
84	97	2
54	91	1
11	94	2
75	48	1
67	36	0
52	18	2
27	76	2
41	43	2
93	78	0
57	34	1
48	54	0
1	96	0
50	47	0
48	73	0
44	3	0
14	73	0
47	63	2
50	63	1
23	58	2
33	98	2
0	11	0
91	58	0
47	28	0
88	86	0
88	4	2
82	74	2
30	95	0
43	15	0
95	37	2
22	25	2
26	94	0
42	10	2
21	14	1
67	9	0
81	56	2
9	39	2
5	54	2
60	8	1
67	35	2
58	80	1
10	29	1
29	64	0
17	91	0
62	42	2
58	61	2
99	82	2
83	67	2
94	92	1
72	26	1
84	37	0
20	23	1
87	56	2
75	57	0
16	75	2
23	52	1
11	75	2
51	26	0
11	47	0
96	48	1
70	87	0
41	79	1
87	12	0
81	61	2
40	96	2
65	7	1
80	28	0
22	73	0
29	63	2
96	40	2
19	93	0
6	43	2
67	34	0
78	42	2
28	17	0
41	69	0
2	55	1
39	55	1
79	82	0
38	3	0
42	69	1
45	6	2
63	90	0
82	38	2
26	26	2
19	45	2
5	56	1
33	61	2
39	85	0
71	66	1
16	18	1
13	12	0
77	60	0
82	5	1
33	49	2
8	76	2
1	7	1
15	5	2
88	96	2
30	85	1
22	58	1
31	61	0
84	77	0
22	85	2
19	64	0
96	74	2
94	33	0
59	21	0
83	20	0
53	21	2
83	91	2
31	92	0
94	12	2
80	23	1
93	90	0
85	73	2
24	95	2
37	27	2
49	3	1
38	30	0
50	48	2
56	13	2
89	68	0
65	48	1
16	9	0
81	32	2
78	68	0
77	52	2
23	11	2
5	0	1
82	26	2
21	25	2
55	24	0
94	27	2
52	43	1
89	73	2
18	7	0
82	31	2
41	61	1
1	4	2
97	31	1
60	68	0
48	70	1
13	50	0
11	14	0
75	34	2
48	20	0
71	75	1
27	0	0
78	48	2
47	15	2
45	99	1
44	96	1
13	90	2
47	24	0
49	51	2
57	29	1
97	5	0
48	16	2
83	55	2
68	72	2
59	97	0
23	8	2
47	88	0
74	41	1
56	23	0
9	56	2
20	37	0
9	91	1
70	32	1
25	71	1
74	69	1
40	98	1
32	57	1
83	82	1
48	88	0
74	26	1
94	43	2
51	43	0
14	59	2
85	95	1
15	51	0
39	56	1
50	86	0
20	59	1
64	45	0
76	17	2
20	89	2
29	96	1
51	91	0
41	18	1
57	70	0
56	37	2
89	49	2
34	42	1
95	48	1
6	17	1
90	49	0
66	22	2
17	3	0
7	71	2
45	78	0
14	22	2
26	78	1
93	37	0
71	56	2
79	25	1
56	53	1
49	68	1
67	65	0
56	65	0
75	44	0
53	66	0
42	9	2
67	48	2
38	77	0
56	68	0
35	44	0
74	76	1
94	80	2
9	55	1
41	18	0
79	98	0
12	32	2
34	14	1
1	81	1
24	14	2
85	34	1
11	48	0
98	58	0
21	93	0
72	78	2
35	27	1
60	14	1
83	0	1
77	86	2
28	74	2
99	21	2
13	58	1
25	4	0
92	88	0
67	56	1
27	31	2
36	83	0
52	31	2
68	55	2
97	17	2
99	72	1
95	38	0
52	45	2
37	86	2
0	7	1
39	23	2
50	65	2
95	99	2
72	10	2
36	32	0
48	7	1
58	37	0
75	26	1
84	37	1
91	30	0
56	28	0
7	66	1
23	40	0
90	71	1
81	84	2
47	99	2
63	5	0
39	21	0
84	69	2
82	80	0
66	9	1
83	2	2
93	72	2
86	72	2
9	79	0
10	85	1
98	18	1
78	59	0
76	69	1
32	52	1
36	75	2
43	46	2
20	63	1
90	50	0
4	73	1
4	35	2
54	60	1
0	53	1
23	17	1
79	52	0
34	95	0
32	12	1
90	69	2
24	1	2
48	40	2
60	40	1
97	82	2
60	72	0
70	76	2
51	86	2
55	3	0
8	85	2
66	28	2
23	40	1
40	12	2
30	62	1
37	41	1
84	51	1
73	88	1
35	24	1
11	4	0
82	12	0
4	11	0
44	91	0
74	24	1
40	86	1
17	47	2
23	97	1
73	93	1
15	74	2
78	6	1
16	31	1
62	19	1
46	16	1
36	39	1
41	4	1
9	19	0
74	31	1
58	49	0
78	70	2
19	86	2
89	61	0
35	84	1
31	95	0
